service_id,monday,tuesday,wednesday,thursday,friday,saturday,sunday,start_date,end_date
BBL 19_20-BBL_WD-Weekday-01,1,1,1,1,1,0,0,20191101,20191231
BCC 19_20-BCC_FUL-Friday-04,0,0,0,0,1,0,0,20191101,20191227
BCC 19_20-BCC_SAT-Saturday-02,0,0,0,0,0,1,0,20191102,20191228
BCC 19_20-BCC_SUN-Sunday-03,0,0,0,0,0,0,1,20191103,20191229
BCC 19_20-BCC_FUL-M-Tu-W-Th-04,1,1,1,1,0,0,0,20191104,20191231
BCC 19_20-BCC_FUL-M-Tu-W-Th-04-0110000,0,1,1,0,0,0,0,20191104,20191231
BIC 19_20-BIC_FUL-Weekday-01,1,1,1,1,1,0,0,20191101,20191213
BIC 19_20-BIC_SAT-Saturday-01,0,0,0,0,0,1,0,20191102,20191228
BIC 19_20-BIC_SUN-Sunday-01,0,0,0,0,0,0,1,20191103,20191229
BIC 19_20-BIC_WD-Weekday-01,1,1,1,1,1,0,0,20191216,20191231
BITS 19_20-BITS_WD-Weekday-01,1,1,1,1,1,0,0,20191101,20191213
BITS 19_20-BITS_WD-Weekday-01-0000100,0,0,0,0,1,0,0,20191101,20191213
BITS 19_20-BITS_SAT-Saturday-01,0,0,0,0,0,1,0,20191102,20191228
BITS 19_20-BITS_SUN-Sunday-01,0,0,0,0,0,0,1,20191103,20191229
BITS 19_20-BITS_HSC-Weekday-01,1,1,1,1,1,0,0,20191216,20191231
BITS 19_20-BITS_HSC-Weekday-01-0000100,0,0,0,0,1,0,0,20191216,20191231
BLKS 19_20-BLINK-Weekday-03,1,1,1,1,1,0,0,20191101,20191213
BT 19_20-AUG_HUNG-Weekday-01,1,1,1,1,1,0,0,20191101,20191115
BT 19_20-AUG_HUNG-Weekday-01-0000100,0,0,0,0,1,0,0,20191101,20191115
BT 19_20-AUG_HUNG-Weekday-01-1000000,1,0,0,0,0,0,0,20191101,20191115
BT 19_20-AUG_HUNG-Weekday-01-0111100,0,1,1,1,1,0,0,20191101,20191115
BT 19_20-AUG_EXM-Saturday-01,0,0,0,0,0,1,0,20191102,20191116
BT 19_20-AUG_FUL-Sunday-01,0,0,0,0,0,0,1,20191103,20191229
BT 19_20-AUG_HUN-Weekday-01,1,1,1,1,1,0,0,20191118,20191213
BT 19_20-AUG_HUN-Weekday-01-0000100,0,0,0,0,1,0,0,20191118,20191213
BT 19_20-AUG_HUN-Weekday-01-1000000,1,0,0,0,0,0,0,20191118,20191213
BT 19_20-AUG_HUN-Weekday-01-0111100,0,1,1,1,1,0,0,20191118,20191213
BT 19_20-AUG_FUL-Saturday-01,0,0,0,0,0,1,0,20191123,20191228
BT 19_20-AUG_UNS-Weekday-01,1,1,1,1,1,0,0,20191216,20191231
BT 19_20-AUG_UNS-Weekday-01-0000100,0,0,0,0,1,0,0,20191216,20191231
BT 19_20-AUG_PH-Sunday-01,0,0,0,0,0,0,1,20191225,20191226
CBL 19_20-TMP_FUL-Weekday-00,1,1,1,1,1,0,0,20191101,20191213
CBL 19_20-TMP_FUL-Weekday-00-0001000,0,0,0,1,0,0,0,20191101,20191213
CBL 19_20-TMP_SAT-Saturday-00,0,0,0,0,0,1,0,20191102,20191228
CBL 19_20-TMP_SUN-Sunday-00,0,0,0,0,0,0,1,20191103,20191229
CBL 19_20-TMP_HSC-Weekday-00,1,1,1,1,1,0,0,20191216,20191231
CBL 19_20-TMP_HSC-Weekday-00-0001000,0,0,0,1,0,0,0,20191216,20191231
GCLR 19_20-GCLR_WD-Weekday-01,1,1,1,1,1,0,0,20191101,20191231
GCLR 19_20-GCLR_WD-Weekday-01-1111000,1,1,1,1,0,0,0,20191101,20191231
GCLR 19_20-GCLR_WD-Weekday-01-0000100,0,0,0,0,1,0,0,20191101,20191231
GCLR 19_20-GCLR_SAT-Saturday-01,0,0,0,0,0,1,0,20191102,20191228
GCLR 19_20-GCLR_SUN-Sunday-01,0,0,0,0,0,0,1,20191103,20191229
HBL 19_20-HBL_FUL-Weekday-03,1,1,1,1,1,0,0,20191101,20191213
HBL 19_20-HBL_FUL-Saturday-03,0,0,0,0,0,1,0,20191102,20191228
HBL 19_20-HBL_FUL-Sunday-03,0,0,0,0,0,0,1,20191103,20191229
HBL 19_20-HBL_HOL-Weekday-03,1,1,1,1,1,0,0,20191216,20191231
HBL 19_20-HBL_SuPH-Sunday-03,0,0,0,0,0,0,1,20191225,20191226
HTM 19_20-HTM_FUL-Weekday-00,1,1,1,1,1,0,0,20191101,20191213
HTM 19_20-HTM_FUL-Saturday-00,0,0,0,0,0,1,0,20191102,20191228
HTM 19_20-HTM_HOL-Weekday-00,1,1,1,1,1,0,0,20191216,20191231
KBL 19_20-TMP_FUL-Weekday-00,1,1,1,1,1,0,0,20191101,20191213
KBL 19_20-TMP_SAT-Saturday-00,0,0,0,0,0,1,0,20191102,20191228
KBL 19_20-TMP_SUN-Sunday-00,0,0,0,0,0,0,1,20191103,20191229
KBL 19_20-TMP_HOL-Weekday-00,1,1,1,1,1,0,0,20191216,20191231
KBL 19_20-TMP_SuPH-Sunday-00,0,0,0,0,0,0,1,20191226,20191226
LBS 19_20-LBS_WD-Weekday-01,1,1,1,1,1,0,0,20191101,20191231
LBS 19_20-LBS_SAT-Saturday-01,0,0,0,0,0,1,0,20191102,20191228
LBS 19_20-LBS_SUN-Sunday-01,0,0,0,0,0,0,1,20191103,20191229
LCBS 19_20-LCBS_FUL-Weekday-01,1,1,1,1,1,0,0,20191101,20191213
LCBS 19_20-LCBS_FUL-Weekday-01-0001000,0,0,0,1,0,0,0,20191101,20191213
LCBS 19_20-LCBS_FUL-Weekday-01-0000100,0,0,0,0,1,0,0,20191101,20191213
LCBS 19_20-LCBS_SAT-Saturday-01,0,0,0,0,0,1,0,20191102,20191228
LCBS 19_20-LCBS_SUN-Sunday-01,0,0,0,0,0,0,1,20191103,20191229
LCBS 19_20-LCBS_HSC-Weekday-01,1,1,1,1,1,0,0,20191216,20191231
LCBS 19_20-LCBS_HSC-Weekday-01-0001000,0,0,0,1,0,0,0,20191216,20191231
LCBS 19_20-LCBS_HSC-Weekday-01-0000100,0,0,0,0,1,0,0,20191216,20191231
LCBS 19_20-LCBS_PH-Sunday-01,0,0,0,0,0,0,1,20191226,20191226
MGB 19_20-MGB_FUL-Weekday-01,1,1,1,1,1,0,0,20191101,20191213
MGB 19_20-MGB_SAT-Saturday-01,0,0,0,0,0,1,0,20191102,20191228
MGB 19_20-MGB_SUN-Sunday-01,0,0,0,0,0,0,1,20191103,20191229
MGB 19_20-MGB_HSC-Weekday-01,1,1,1,1,1,0,0,20191216,20191231
PRT 19_20-PRT_FUL-Weekday-01,1,1,1,1,1,0,0,20191101,20191115
PRT 19_20-PRT_SAT-Saturday-01,0,0,0,0,0,1,0,20191102,20191116
PRT 19_20-PRT_SUN-Sunday-01,0,0,0,0,0,0,1,20191103,20191117
PRT 19_20-PRT_FUL-Weekday-04,1,1,1,1,1,0,0,20191118,20191213
PRT 19_20-PRT_SAT-Saturday-04,0,0,0,0,0,1,0,20191123,20191228
PRT 19_20-PRT_SUN-Sunday-04,0,0,0,0,0,0,1,20191124,20191229
PRT 19_20-PRT_HSC-Weekday-04,1,1,1,1,1,0,0,20191216,20191231
QR 19_20-RTFS-Friday-03,0,0,0,0,1,0,0,20191101,20191227
QR 19_20-TC191102-Saturday-00,0,0,0,0,0,1,0,20191102,20191102
QR 19_20-TC191103-Sunday-00,0,0,0,0,0,0,1,20191103,20191103
QR 19_20-TC191104-Monday-00,1,0,0,0,0,0,0,20191104,20191104
QR 19_20-RTFS-M-Tu-W-Th-03,1,1,1,1,0,0,0,20191105,20191231
QR 19_20-TC191109-Saturday-00,0,0,0,0,0,1,0,20191109,20191109
QR 19_20-TC191110-Sunday-02,0,0,0,0,0,0,1,20191110,20191110
QR 19_20-RnB15Nov-Friday-00,0,0,0,0,1,0,0,20191115,20191115
QR 19_20-RTFS-Saturday-03,0,0,0,0,0,1,0,20191116,20191228
QR 19_20-RTFS-Sunday-04,0,0,0,0,0,0,1,20191117,20191229
RATS 19_20-NORTH-Saturday-00,0,0,0,0,0,1,0,20191102,20191102
RATS 19_20-IPSW-Weekday-01,1,1,1,1,1,0,0,20191103,20191104
RATS 19_20-INNER-Weekend-01,0,0,0,0,0,1,1,20191109,20191110
RATS 19_20-INNER-Weekend-01-0000010,0,0,0,0,0,1,0,20191109,20191110
RATS 19_20-INNER-Weekend-01-0000001,0,0,0,0,0,0,1,20191109,20191110
SBL 19_20-SBL_FUL-Friday-01,0,0,0,0,1,0,0,20191101,20191213
SBL 19_20-SBL_SAT-Saturday-00,0,0,0,0,0,1,0,20191102,20191228
SBL 19_20-SBL_SUN-Sunday-00,0,0,0,0,0,0,1,20191103,20191229
SBL 19_20-SBL_FUL-M-Tu-W-Th-01,1,1,1,1,0,0,0,20191104,20191212
SBL 19_20-SBL_HSC-M-Tu-W-Th-00,1,1,1,1,0,0,0,20191216,20191231
SBL 19_20-SBL_HSC-Friday-00,0,0,0,0,1,0,0,20191220,20191227
SBL_EVENT-QLD_HOL-Weekday-01,1,1,1,1,1,0,0,20191216,20191231
SBL_EVENT-SAT_HOL-Saturday-01,0,0,0,0,0,1,0,20191221,20191228
SBL_EVENT-SUN_HOL-Sunday-01,0,0,0,0,0,0,1,20191222,20191229
SUN 19_20-SUN_WD-Weekday-01,1,1,1,1,1,0,0,20191101,20191231
SUN 19_20-SUN_WD-Weekday-01-0010000,0,0,1,0,0,0,0,20191101,20191231
SUN 19_20-SUN_WD-Weekday-01-0001000,0,0,0,1,0,0,0,20191101,20191231
SUN 19_20-SUN_WD-Weekday-01-0000100,0,0,0,0,1,0,0,20191101,20191231
SUN 19_20-SUN_SAT-Saturday-00,0,0,0,0,0,1,0,20191102,20191228
SUN 19_20-SUN_SUN-Sunday-00,0,0,0,0,0,0,1,20191103,20191229
SUN 19_20-SUN_SuPH-Sunday-00,0,0,0,0,0,0,1,20191226,20191226
SWT 19_20-SWT_FUL-Weekday-00,1,1,1,1,1,0,0,20191101,20191213
SWT 19_20-SWT_FUL-Saturday-00,0,0,0,0,0,1,0,20191102,20191228
SWT 19_20-SWT_FUL-Sunday-00,0,0,0,0,0,0,1,20191103,20191229
SWT 19_20-SWT_HOL-Weekday-00,1,1,1,1,1,0,0,20191216,20191231
TBS 19_20-TBS_FUL-Weekday-01,1,1,1,1,1,0,0,20191101,20191213
TBS 19_20-TBS_FUL-Saturday-01,0,0,0,0,0,1,0,20191102,20191228
TBS 19_20-TBS_FUL-Sunday-01,0,0,0,0,0,0,1,20191103,20191229
TBS 19_20-TBS_HSC-Weekday-01,1,1,1,1,1,0,0,20191216,20191231
TDEV 19_20-TDEV_FUL-Weekday-01,1,1,1,1,1,0,0,20191101,20191213
TDEV 19_20-TDEV_SAT-Saturday-01,0,0,0,0,0,1,0,20191102,20191228
TDEV 19_20-TDEV_SUN-Sunday-01,0,0,0,0,0,0,1,20191103,20191229
TDEV 19_20-TDEV_HOL-Weekday-01,1,1,1,1,1,0,0,20191216,20191231
TDEV 19_20-TDV_SUPH-Sunday-01,0,0,0,0,0,0,1,20191226,20191226
WBS 19_20-WBS_FUL-Weekday-01,1,1,1,1,1,0,0,20191101,20191213
WBS 19_20-WBS_SAT-Saturday-01,0,0,0,0,0,1,0,20191102,20191228
WBS 19_20-WBS_SUN-Sunday-01,0,0,0,0,0,0,1,20191103,20191229
WBS 19_20-WBS_HSC-Weekday-01,1,1,1,1,1,0,0,20191216,20191231
WBS 19_20-WBS_SUPH-Sunday-01,0,0,0,0,0,0,1,20191226,20191226
